214
161
4069
2295
2617
1376
1968
3902
300
1263
2187
469
175
1614
1398
4028
962
125
369
2035
1381
2684
3964
2426
152
2891
663
849
91
2538
3522
1144
4014
3417
1021
3055
2449
3224
2120
2230
2308
3751
3491
2509
2311
2694
1806
3636
1178
1845
1929
1259
1725
2996
532
3314
2672
3843
2479
1353
2739
2082
346
3312
646
3601
3093
743
3305
2000
3296
1582
1244
3167
1723
1477
1375
702
3238
172
2418
493
417
1507
3093
236
2220
1130
2120
1723
1223
2881
2315
2650
2290
2408
2398
713
2093
3551
