50
2835
2514
1311
297
2466
3513
3102
3840
2065
3200
253
1463
608
551
4028
334
1167
2734
1115
3525
2718
533
2778
1820
141
1116
3897
2387
604
3459
3448
106
3083
2442
407
2145
2458
1137
1942
3384
1801
2616
2933
2799
88
1759
2356
3462
391
1638
3283
253
1686
1229
594
340
2949
3604
1457
2699
3156
3643
752
2210
1283
322
1551
1945
402
809
2830
880
3585
4080
3565
2087
1616
919
2732
446
1663
2590
3403
3125
2702
3973
458
908
3709
4044
1065
963
3660
1779
104
2266
1531
250
647
